530070000
600195000
098000060
800060003
400803001
700020006
060000280
000419005
000080079

879400321
003790050
046032900
700604000
350980240
402510870
104879503
080056400
635040798

709506002
056010978
103800045
065100780 
210987030
097635421
500008204
970060100
602301890 

097530004
365020980
010789600
456302000
003078546
700045213
970204351
642050700
500897000

645012890
310970060
078640230
064003780
807060005
003890420
080506140
401709653
506420008

231050908
807320045
560087002
970410030
102063709
650708000
406870053
080135260 
315000807

635002080
907000104
120098600
870654010
013080500
540301879
301870402
708246051
002005798

200907001
809013642
135020900
412000097
008241305
063070204
320405009
654790023
980032050

007300564
201604097
560907201
900412053
142560908
050000042
789005020
026809310
010240709
